0.1896613
0.18464665
0.17971414
0.17490213
0.17024195
0.16575652
0.16146001
0.15735856
0.15345165
0.14973378
0.14621867
0.14287622
0.139717
0.13670696
0.13383144
0.1310958
0.12847416
0.12595043
0.12353675
0.121209584
0.11896211
0.116782926
0.11468251
0.11264435
0.11066436
0.108733855
0.10686472
0.10504375
0.103268676
0.10153337
0.09984897
0.098194644
0.0965966
0.09503337
0.09351926
0.09204054
0.090604655
0.089204654
0.087841995
0.08651556
0.0852196
0.08396407
0.08273549
0.08153661
0.08037635
0.079238966
0.07812891
0.07705473
0.076000646
0.07497364
0.07397526
0.0729971
0.07204439
0.071116045
0.07020875
0.06932164
0.068457104
0.067612916
0.066786714
0.06598147
0.06519339
0.064422645
0.063668765
0.06293441
0.062214207
0.0615094
0.06082023
0.06014765
0.05948761
0.05884193
0.058210623
0.05759148
0.0569855
0.056392036
0.0558103
0.05524063
0.05468191
0.054134052
0.053598013
0.05307167
0.052555326
0.0520487
0.051552754
0.05106536
0.05058693
0.050117232
0.049657155
0.049204685
0.04876028
0.048323937
0.047895856
0.04747481
0.04706103
0.046654657
0.046255462
0.04586276
0.04547687
0.045097284
0.04472423
0.04435733
0.04399633
0.043641143
0.043291796
0.04294819
0.04260988
0.04227686
0.041949023
0.04162669
0.041309077
0.040996317
0.04068826
0.040384863
0.040086493
0.039792202
0.039502233
0.03921659
0.03893533
0.038657937
0.038384512
0.03811507
0.03784958
0.037587676
0.03732944
0.037074853
0.036823843
0.036576197
0.036331903
0.036091
0.03585332
0.035618793
0.035387404
0.035159048
0.034933656
0.03471125
0.03449168
0.03427501
0.034061033
0.033849765
0.033641204
0.033435296
0.033231895
0.033031
0.032832596
0.03263666
0.032443073
0.03225181
0.032062825
0.03187617
0.031691696
0.03150939
0.0313292
0.031151103
0.030975157
0.030801194
0.030629225
0.030459233
0.030291239
0.030125123
0.029960873
0.029798452
0.029637845
0.029479092
0.029322049
0.029166719
0.029013079
0.0288611
0.028710825
0.028562117
0.02841499
0.028269423
0.028125409
0.027982928
0.027841909
0.027702348
0.027564231
0.027427549
0.027292283
0.02715837
0.027025804
0.026894571
0.026764685
0.026636079
0.026508741
0.026382651
0.026257798
0.026134178
0.026011772
0.025890535
0.025770457
0.025651528
0.02553374
0.025417082
0.02530151
0.025187016
0.025073588
0.024961215
0.024849914
0.024739614
0.024630321
0.024522023
0.024414705
0.024308383
0.024203004
0.024098564
0.023995051
0.023892453
0.023790784
0.023689995
0.023590088
0.023491047
0.023392858
0.023295518
0.02319904
0.023103371
0.023008512
0.022914458
0.022821195
0.022728736
0.022637038
0.022546103
0.02245592
0.022366479
0.022277778
0.022189816
0.02210256
0.022016015
0.021930166
0.021845007
0.02176055
0.021676755
0.021593625
0.021511152
0.021429328
0.021348154
0.02126762
0.021187708
0.021108411
0.021029731
0.020951655
0.02087419
0.020797309
0.02072101
0.02064529
0.020570142
0.020495556
0.020421546
0.020348076
0.020275151
0.020202765
0.020130914
0.020059591
0.0199888
0.019918516
0.019848743
0.019779475
0.019710703
0.019642435
0.019574651
0.01950735
0.019440528
0.019374175
0.01930829
0.019242879
0.019177921
0.019113412
0.019049354
0.018985737
0.018922558
0.018859824
0.018797515
0.018735629
0.018674163
0.01861311
0.018552475
0.018492252
0.01843243
0.018373005
0.018313978
0.018255342
0.018197095
0.018139238
0.018081758
0.018024653
0.01796792
0.017911555
0.017855557
0.017799923
0.017744645
0.017689724
0.01763515
0.017580925
0.017527046
0.017473511
0.017420312
0.017367449
0.017314915
0.017262708
0.01721083
0.017159276
0.01710804
0.017057117
0.017006509
0.01695621
0.016906219
0.016856538
0.016807156
0.016758073
0.016709283
0.016660787
0.016612586
0.016564675
0.016517047
0.0164697
0.016422633
0.016375843
0.016329331
0.016283097
0.016237129
0.016191429
0.016145995
0.016100824
0.016055916
0.01601127
0.015966875
0.015922736
0.01587885
0.01583521
0.015791822
0.015748683
0.015705785
0.015663128
0.01562071
0.015578528
0.015536582
0.015494875
0.015453395
0.015412145
0.015371122
0.015330325
0.01528975
0.015249402
0.015209272
0.015169359
0.015129663
0.015090182
0.015050913
0.015011857
0.014973012
0.014934373
0.01489594
0.01485771
0.014819683
0.014781859
0.014744236
0.014706809
0.014669579
0.014632543
0.0145956995
0.014559048
0.01452259
0.014486318
0.014450234
0.014414334
0.014378618
0.014343086
0.014307737
0.014272569
0.01423758
0.014202767
0.014168128
0.014133664
0.0140993735
0.014065259
0.014031312
0.013997533
0.013963925
0.013930483
0.013897206
0.013864095
0.013831147
0.01379836
0.013765734
0.013733265
0.013700956
0.013668806
0.013636809
0.013604969
0.013573281
0.013541745
0.013510359
0.013479127
0.013448044
0.013417109
0.013386321
0.013355678
0.013325181
0.013294826
0.013264618
0.013234549
0.013204622
0.013174835
0.013145185
0.013115672
0.0130863
0.013057063
0.0130279595
0.012998991
0.012970155
0.012941452
0.01291288
0.012884439
0.012856128
0.012827946
0.012799891
0.012771961
0.012744158
0.0127164805
0.012688927
0.012661498
0.01263419
0.012607004
0.012579938
0.012552994
0.012526169
0.012499463
0.012472874
0.0124464
0.012420042
0.0123938015
0.012367677
0.012341664
0.012315766
0.012289979
0.012264303
0.012238738
0.012213285
0.01218794
0.012162705
0.012137577
0.012112556
0.012087641
0.012062834
0.012038132
0.012013534
0.011989039
0.011964648
0.01194036
0.011916174
0.011892089
0.011868104
0.01184422
0.011820435
0.011796748
0.011773159
0.011749667
0.011726275
0.011702978
0.011679776
0.011656669
0.011633656
0.011610738
0.011587913
0.011565181
0.011542542
0.011519994
0.011497537
0.011475169
0.011452892
0.011430706
0.011408608
0.0113865975
0.011364675
0.011342839
0.011321089
0.011299427
0.01127785
0.011256358
0.011234952
0.0112136295
0.01119239
0.011171233
0.011150159
0.011129168
0.011108259
0.011087431
0.011066682
0.011046015
0.011025427
0.011004919
0.01098449
0.010964139
0.010943865
0.01092367
0.01090355
0.010883508
0.0108635435
0.010843653
0.010823838
0.010804099
0.010784433
0.010764841
0.010745322
0.010725877
0.010706506
0.010687207
0.010667978
0.0106488215
0.010629735
0.010610721
0.010591777
0.010572902
0.010554098
0.010535362
0.010516694
0.010498094
0.010479564
0.0104611
0.010442705
0.010424376
0.010406113
0.010387917
0.010369786
0.010351721
0.010333721
0.010315785
0.010297914
0.010280106
0.010262362
0.0102446815
0.010227065
0.01020951
0.010192018
0.010174586
0.010157218
0.0101399105
0.010122664
0.010105478
0.0100883525
0.010071286
0.01005428
0.010037333
0.010020445
0.010003617
0.009986847
